42175
15235
10136
74185
8958
45545
55209
65912
62495
18452
86908
28351
20267
49134
f
75201
82029
2822
39111
38087
58093
42805
75143
90612
44065
12559
79738
44646
62997
44018
7742
52442
42287
50839
23816
82698
23128
95675
69078
47942
19598
58881
64631
73975
30081
24264
10897
12876
18536
98277
25372
25959
64404
32709
927
54739
25293
90952
14490
4075
32346
64548
93242
36027
33176
37045
25391
95149
76915
17715
74330
63071
93341
72300
7072
81239
84632
29895
13388
10697
60448
39466
51831
16186
24961
40569
50105
22878
50265
62685
72610
80502
65227
5632
50742
62417
49125
18478
40825
97364
11029
34255
72254
40346
4747
89745
16023
92778
61720
77262
64509
99504
99862
83204
6464
71139
94593
15044
75078
49706
13547
35609
21196
6509
13852
36432
74152
45857
21133
72973
53159
30441
57832
23698
37365
90484
97793
73743
35642
1376
73088
7952
34916
80477
92416
69467
44329
24211
83282
81435
79704
85540
34841
65570
40840
22811
348
83619
36986
61210
94809
46002
96469
87138
26495
51090
5782
71619
30061
55513
72796
40061
50478
67973
58968
46785
81904
12043
95705
31564
24408
25695
33892
45180
96696
34998
32787
8890
71060
56119
84147
53066
29797
55851
5654
87200
67355
21162
2151
60197
25935
12235
94855
80231
29263
77315
1473
93289
50517
93559
32092
48721
80268
47885
29930
93650
16038
50709
83930
91718
29200
4822
1210
62040
34240
89857
7290
91968
6686
64485
20309
58908
69561
25950
56812
71235
29792
63103
95030
89645
23430
96451
15047
79056
29063
71397
12196
45383
15126
75606
8344
27924
577
92869
65375
95271
47728
56910
38850
2308
90993
51726
29749
99892
10700
75273
22339
50146
10397
15570
88934
10500
66626
11681
63666
46781
40271
92891
2641
79285
41078
94105
69039
87191
76455
8662
26343
4892
8347
28399
76400
29893
55788
78524
6891
49163
81836
23376
37429
175
70987
57814
3274
66341
75094
45541
32461
69743
1877
79082
9605
12514
53417
84487
26230
93093
35571
64714
18257
5973
83702
39297
83037
6329
9504
25388
42430
77201
40788
6851
18951
63232
73470
34597
31675
42908
10461
50891
49880
66509
17288
74191
23315
26921
32133
4553
75649
79356
55026
58122
55807
25557
91882
25240
50394
28543
24708
9520
44021
94163
30803
51727
61445
41074
25063
77166
35793
98162
52899
92593
28417
5071
8389
86182
90571
3049
12685
34536
17874
89318
8968
42809
20746
5570
28983
95880
20052
80145
85251
23037
22317
41926
29984
44033
63344
23977
73056
61571
2829
42899
80218
36873
68784
33823
2160
25509
97181
52832
96155
12285
15620
74852
93711
17159
54353
77162
2369
36021
56476
9555
44540
34409
38777
70084
74442
17672
8684
89886
78274
51113
31799
47982
73809
22667
44298
19922
16482
54547
37227
52985
33172
79211
40736
49987
74519
37014
49130
59485
28050
13184
68064
60040
83624
35200
75979
40059
6701
36782
84392
34681
66836
48612
67762
84207
39803
40040
52606
21677
22012
52182
34242
95252
82288
91697
53675
81607
80052
65365
83134
30310
23523
20747
23085
61664
82990
49640
41379
19276
81970
73737
20538
26908
27974
26891
73207
45177
30541
4281
70141
4170
52189
68711
32733
59685
13467
85984
34670
49992
85179
82778
27708
32139
78648
65356
2639
70283
27618
2557
99375
54449
57822
58963
1940
35263
27093
38825
55433
39863
32234
8555
215
81832
59438
15153
1807
88419
43525
28224
82960
38873
29059
83738
98191
39447
3349
47605
26089
28931
32101
26000
88233
41592
34988
2475
45938
28064
28232
96018
83913
65777
81275
9454
84734
7764
25323
97887
15313
97157
57451
25661
49941
61241
56
27499
41648
44483
18539
51376
23631
77754
61577
32810
34228
41155
95251
38112
19429
60692
95467
27838
97765
28157
37654
43579
88378
21839
59062
65247
88746
57893
46309
62551
83774
13449
5212
78911
1707
21879
50196
22111
40916
42448
39157
28061
10853
4094
76070
52066
19991
9791
97819
5963
58022
49717
77866
15318
25500
28273
44396
18597
92872
76012
17228
1798
91149
46580
50223
49818
20481
68665
29613
28279
28571
35612
26327
60131
49765
76622
38906
87020
41767
91119
96182
20430
23778
30753
30488
95093
17977
96156
50148
22751
22210
93866
24640
53182
30508
34817
87240
69054
59030
91993
91289
67206
3778
65640
44001
61225
77266
50818
16499
62262
60042
90545
2051
78009
84689
85784
26216
5210
1229
63956
49431
15053
55697
23353
17211
77791
90108
74148
89310
71119
22616
59651
61088
65501
65389
64527
99869
14669
92558
66165
11433
52098
39291
35324
44899
18841
46955
2129
14726
86075
29500
41372
8214
51631
42242
70614
72193
45724
23522
62809
40711
74122
99412
99123
44605
80538
95895
99472
97380
96560
129
71127
11450
10463
13451
23057
79113
88965
82649
34404
51189
85816
47661
48556
61926
96405
52893
45097
83894
37059
21511
73932
99729
9683
87261
75399
92615
48409
77574
72890
957
34708
71365
46517
14591
45480
52901
5142
97014
45310
66406
57013
77722
23059
14148
15320
76387
25020
25740
70477
49458
36535
19511
40914
85135
74576
93009
24288
80020
87764
26168
46579
48312
7082
88406
87367
10569
33547
34798
26912
21120
85501
65283
29328
83944
93349
19172
36661
3865
66385
20299
30587
56416
40708
32422
82630
37131
71452
77739
6933
31652
56065
59415
41831
64926
90684
48773
7988
45652
55322
56455
33157
83560
78216
98812
36803
47028
5410
98000
51018
37382
88665
53917
95229
11532
465
88180
24759
30054
35339
3678
21671
89660
76652
50120
69018
44100
38524
92577
39339
71424
72565
38166
95418
26578
58210
67297
75448
79913
26833
72045
2573
72369
38397
50458
20071
29315
2856
10877
77678
35509
44476
51588
6369
34717
85407
74157
2331
6699
18513
85567
59869
77401
9068
25482
76716
15273
36716
77339
17107
15900
50141
55321
74879
5614
84652
56551
4142
91077
89630
61868
40827
89613
646
94745
77985
98293
80979
21330
38292
77427
43485
8017
12112
66574
86412
51443
63250
81924
65936
4613
49434
13156
3939
54927
64988
1256
945
38750
6052
57744
9440
75940
5241
97426
5984
4659
35520
81936
47640
90400
75524
51560
15234
77664
28073
60849
87030
29463
77966
11590
20195
42675
38073
23784
62430
59027
10480
47720
86388
47174
89802
95984
10405
67493
70245
11612
19495
80295
55763
51552
21854
21845
39546
18614
77541
80166
43737
